150
-61.195166513181306, -5.63682259279139; 35.204495683383655
-81.61407537146789, -33.04864948166761; 45.972415378140354
11.754702264277768, -86.70610017192841; 32.1795806850467
-52.29315046632652, -22.373041283186808; 32.671715900633416
-68.54033797899667, -73.16889633069886; 41.432953839830475
62.056020091044815, -69.77103266921728; 40.76154589441282
77.08755672788527, 81.6972582788853; 37.24782613157073
31.31013683150445, -74.4854804357465; 47.8784189869219
-67.59730386100118, -48.885317559618024; 48.01705643749294
-28.33336933794621, -43.93677384167252; 38.7554758612741
72.48906839399928, 71.41939812086423; 40.83192885005991
-57.680693576861074, -46.35669923571113; 43.0151754852481
-69.52754075153686, 78.64448156131394; 33.65669847980399
7.956419899158675, 99.10157056167074; 38.427253273517366
99.851799913495, 65.05876977687095; 36.805172147461235
-31.408101444392727, 56.98471869539122; 43.45455583324215
98.36943446090254, 38.03455537076243; 40.995038335658265
59.35196649320204, -39.28646482483617; 48.87960810770508
-18.228627079687712, -3.327652597307832; 39.91889227551741
75.91636378748478, 63.97984865156104; 35.794761678074806
-54.15999222903287, -14.629470335616062; 46.13553438491006
14.675950965120094, -5.782492128742248; 41.50246161682915
-33.644454867281866, 68.65752739437607; 31.811341754459402
61.762051414064956, -85.75789451446283; 30.225955394787324
0.9169624004792212, 69.39210594493488; 43.651939328576965
-93.50239989478575, -96.19033566628407; 30.353520569418592
93.71108099199313, -15.20143211419267; 34.0442346286671
80.21166092832698, -85.1105682479907; 31.67246808687115
92.36707089958148, 44.276348639216536; 39.32574149659939
71.56709984323882, 99.48137020158029; 46.19665347354785
91.10660794307182, -7.327757477336888; 39.122172900471085
88.52167192592458, -60.9381014341867; 35.319410913389646
-29.245636794420406, 6.517062740337394; 47.31821717648373
-78.15412199489072, 68.06302714585738; 48.76164297979658
-93.80737134149638, 3.021276081664027; 41.48531817413088
-84.04834704971158, -56.34283741451931; 30.823619605551194
76.03522272319768, 47.43469798386934; 31.081890888191555
22.965065711941477, 99.6338990895313; 44.54282280744669
-63.70740695450068, -40.631676606724064; 49.62580760938408
-38.05140474345707, -21.957171378679647; 41.32525737781836
-63.640566065288716, -40.85972413563697; 48.03887926305464
-63.48529953925856, 68.88888433812366; 43.33300918077476
66.66173866040185, 68.05718921830555; 47.76360178129599
-6.532160745088817, 31.481337041305324; 38.31782465529771
-34.24095177398769, -90.68411285099198; 36.90123559881856
98.38661831543575, -87.34501854977192; 35.693041692439536
-8.25675157711403, 67.07222848805509; 30.927569396743117
-69.8426994801457, 24.22948370393452; 41.50071373751562
-82.33521072844437, 8.963370909609154; 43.48107586378882
77.46417824721908, 67.60155638486594; 45.68616388123132
-39.16589144970668, 11.400674546265591; 40.822807549231925
81.32718754936306, -14.248676976711167; 33.92986289943769
-53.30253507983586, -62.68818025075724; 35.9359192338504
87.27241552923061, 36.29017405111287; 48.46036385905676
63.205779073088934, 83.36700418585653; 41.525322953715886
30.07262398198455, -16.79023943111217; 37.09847024083048
-67.06023675381451, 59.36370885757279; 33.61733296208357
7.772411671715204, 35.061339306430284; 40.64072114173911
47.607712168701426, 98.282223905742; 33.830376812779534
47.61191029588906, 64.378625222843; 38.02112670909615
30.90150778700948, -25.901623937864343; 45.038634587969746
15.30403973468077, -56.14299333602764; 32.99769322223803
57.214449650239544, 68.915248648241; 34.99093511211023
-35.15152614403159, -38.65632134083703; 40.96114398039087
-80.35062496692774, -34.85920720857143; 39.95004438944771
15.751581398909153, -74.07071929512117; 39.48619709090099
-46.54003481500979, 16.707486989142566; 46.617841434359164
28.359915185788623, -35.16251565528859; 30.132248142194438
-48.92021702510727, -9.257540177557416; 48.10735657494139
29.326953328137733, -85.51265657055598; 44.50423754872865
-99.1643757210316, -26.684204644592555; 37.67346392631198
24.46278370726189, 23.77974556145182; 36.522229081014174
-79.92842492291963, 46.21048654100011; 43.04284463091932
84.93563075132616, 73.68614660829718; 41.098743327295665
-10.38900576239763, 2.9831451618765215; 41.7757405328759
67.69711785630804, -49.42887750447041; 41.927528371703396
-86.73716779088741, -40.54010698693611; 32.99476547797783
47.91071152603092, -67.03799179217236; 46.85017852373146
84.56958328612498, 94.40029421964488; 48.43970248449579
-80.97997431869841, 19.91523039548899; 46.35416505983109
32.454060069279166, -60.846806428858116; 43.124498612421476
-73.02922181935392, -33.428202809034886; 41.296405747427926
5.234291676184284, -79.86418095764421; 36.418695888282066
-75.80706007565522, 37.42004521374034; 31.131800580659753
-65.85230170144003, 84.93048913061583; 33.248000450966025
-15.422392540513144, -55.70604207888161; 49.01017554388024
-33.30968571152613, -57.62396117812727; 33.967701453757755
44.29247735943548, -76.04351521332302; 49.404149645012055
78.49186855342211, -9.477690917421143; 33.5309183372283
9.440099351112167, 14.601205082887006; 35.823534210629205
-60.00405671420354, -44.36969786510679; 35.636285262883035
-12.029838816156357, 12.728504400523349; 48.100350859448284
-61.09611845933636, -76.9235635269673; 36.944355261143066
0.7309998029582943, -1.7837709684105647; 32.196337029384026
27.304529464088077, -99.77880465319812; 38.10889265018557
-50.968488699586835, -11.764357448159274; 31.058322115968075
-12.092946864496028, 45.819172612574675; 41.750945817518485
60.65345776424701, -32.18659860881512; 47.35496852636057
89.2037720905424, 54.793383751918924; 38.64532821905118
-96.89954648887007, -90.21454932612667; 31.662519033149557
45.2220146620229, -33.78963187928841; 49.88854741180073
95.31464545196772, 68.73092775079516; 30.581275241303995
-89.58880563722718, -78.26127635224225; 48.83444553613039
23.5801413068951, 56.93989288232436; 35.17493942810173
-49.088366373335, -61.959221029820434; 37.84151619150225
-16.565978124109847, 95.90957271603736; 31.910620363411212
-55.15244269539219, 56.349456661654244; 33.659212796586424
-60.183227224360046, 10.256229907213424; 35.8796055935839
-90.61357625537845, -76.54072450941653; 45.43718589764012
-11.76579148171706, -16.12448852393473; 33.501877055707446
-57.75722313012708, -41.32471838273497; 31.28147252819667
79.31810788521398, 37.909638782758435; 32.227171632015185
39.33511070057543, 29.706482244009237; 34.97783346855321
-40.06741047976408, 89.43657789239009; 45.071086848245564
-74.18837764578862, -53.525781108735295; 42.48989029537502
11.073922889249175, 97.26121389387941; 34.357711879257465
60.15289532442131, -24.629415979906042; 38.21605934362479
-95.42776313481009, -49.137414145239624; 42.03441070397433
64.16948528751934, 58.3112498124745; 40.4147157632725
-61.52928243366216, -19.83830766365682; 42.696140489378585
47.1977607868472, 12.26997008881554; 31.904179796376773
-20.49899621451449, 92.67210625000502; 33.38490964053949
-39.458955084225835, 97.77266065128197; 40.89816011908586
77.98850554456118, -68.24231006568098; 33.75613625057416
-3.7871486150994826, -68.39343276801259; 43.9958726111742
-83.37215847382575, 11.749505206495385; 37.831597503733754
-31.55223177733832, -77.0717266902237; 31.819336123499667
3.812711105688436, 54.79389157066535; 39.8548309246095
-48.4889799061881, 16.82270875612926; 32.050983987124
71.65592734939173, -71.63224046588127; 41.35811271996116
-64.55726926025467, 9.587641340969128; 45.707868200265644
-61.31048237870624, -25.11880220277469; 33.131952360438056
73.02519431780689, 70.63342816768957; 32.99205436760398
-49.187681924387604, 14.793993253020133; 47.11226873871739
75.09426030932335, -27.439561633829484; 34.14043225012284
27.798400561737324, -13.072746758008293; 41.08349131695148
44.08614420954129, -60.00479686953846; 39.08377690200515
-23.83583743823705, 24.506310571716455; 49.416637291596984
72.30258483388116, -83.95471216644619; 44.69965094635016
45.110817261705506, 28.902607559010704; 30.76139211859828
54.797108510309556, 90.31122295006747; 48.85426504375934
16.432021290705606, -63.347923643687956; 47.694238053111874
38.16651947011539, 2.4354167867465435; 31.684910794152017
-49.35068102140481, -63.657993921078315; 41.857156891462274
35.13239902038529, -61.03781270027477; 33.64965421590537
32.28082153510681, 3.229326948375615; 43.23230480890413
-51.999923090288604, 78.24344002484912; 30.299841521430423
42.25678764942512, -80.54284193472142; 45.078664069221084
57.39500761512869, 48.29094801278032; 30.611222758364846
63.389644256406996, 40.57451492213207; 31.96100966770862
