300
-0.5400152285365039, -41.764634230350836; 33.61857960453321
-52.14095894914459, 97.00933492989483; 46.52492299490978
-47.03933325503948, 49.85722817788371; 16.21939935533812
70.2949701120348, -6.01729882597111; 21.209391004208626
57.82805887896251, -39.00558796653326; 40.80368359104536
-74.57081229464427, -92.71997344922873; 22.496341787765633
12.930051336836584, 39.8036299016685; 46.33603267633544
-9.179866935633399, 79.06011086415035; 19.17160850076956
9.71209377818964, -46.50789747849198; 42.62674422216006
63.6906607491612, 42.69234610851643; 16.086888251561973
-18.453030876189857, 96.54279210841457; 21.942256828982657
66.7453044352485, -30.921975636492462; 28.720034820780818
17.20024476480586, 85.05315843506924; 19.29615321906073
-59.00109715451378, 24.462829338094522; 35.187265501420576
-71.54189191951097, -56.174782177864024; 15.83449440488582
0.17762964087910404, -70.99970776221014; 18.395959971385967
76.91876834908993, 63.487212381942356; 20.65958310908602
74.66601765076675, -31.471401793521594; 10.351845216174432
9.602539881387642, 40.03570348874038; 27.837761227783172
-23.894542689715337, 75.33577101920298; 25.68455592020648
-0.5400178872813797, -62.91955287380186; 14.123647571792372
33.98349456401667, -69.25660525628945; 48.20741946332209
-89.75319681621323, -36.80056958548663; 46.644269493661945
88.39722805181222, -45.105337693067725; 24.3823964938074
-66.0906958418698, -82.26268818730836; 26.586063214521154
42.260278434959616, -82.92826028462656; 28.14599637137345
-85.96968347157645, 15.803313873555581; 43.604579819121355
83.31001629337572, -68.8026901537227; 45.51817107931113
55.59267963677914, -2.036005217149068; 45.64518197192276
-38.75821899466181, 82.0293595328277; 33.24034819627841
17.021359118662247, -93.87180942188797; 10.161979619647905
56.15834201056521, 72.19394682595802; 47.47235372723947
25.986069468155804, -38.54440262847698; 16.015866986601512
87.40797720036238, 81.00110730254289; 26.04759579555068
99.72913805287061, -87.0173744808003; 21.90982580988468
1.0517279114462497, -96.53839745261592; 16.293140180234246
80.79898633814167, 90.3692828885211; 28.99471795238506
32.03181189222491, 90.70025102750847; 40.94267880195026
-79.78709174253298, 47.174659710539345; 14.790646905246367
-15.882745834188768, 67.80226859815707; 43.8075206933471
-94.43573527084538, 31.936003777930125; 15.981739061397487
-94.48823397258349, 66.91583358037681; 46.850121242589296
-2.1257802399696573, -14.247157200348994; 12.74487108974812
-12.618841622308821, 15.174209562912793; 38.97794308918778
17.636786159975543, -97.11629208913493; 41.4795736225338
81.37531924065118, -30.17233278265124; 17.719056190936154
-79.78614273082118, -26.00652230985223; 31.156098127986045
-46.508585271328926, -63.85391356406394; 37.05655903120075
-10.676080504419062, -17.784798956068244; 46.65552987789549
-23.51711663405655, -45.4486405700846; 32.813047686549304
23.780232777908523, 65.30610516747629; 36.728909439359825
50.72093484506959, 47.57144955015201; 21.440613294647445
-81.05899865361148, 71.20423971726387; 21.465654848522547
-48.655477103715384, 98.20841590587705; 14.862807847689039
-24.26858835985483, 0.67475122488257; 11.974252615219125
73.19892457244939, 40.93888676544961; 44.73411715843777
84.90532549820594, -15.956332869130947; 41.50418030738295
8.094630073464003, -85.30044385965621; 41.35646137197365
-86.12188651121728, -83.05242949338447; 31.266528783239952
-6.924238902829288, 11.86097094834912; 28.372480942947995
-97.447526251213, 73.39974012608627; 35.15575409303335
43.552570660052794, 94.49189750294914; 32.71858171577973
90.77051857321013, -82.76692249389; 25.475537278939054
-10.66558355157025, -96.57703144845063; 14.268367315188343
-55.820805142013775, -7.802893879288746; 27.291890342585276
0.9300453273526585, -0.8863098068798649; 30.85578038157843
11.336883865098415, -63.14381463805559; 33.46553333482003
-7.780487410440486, 16.620036444955105; 37.28857627012597
79.88720002864841, 46.279252187830025; 17.6671645045609
-43.87119291149515, 38.682989996381565; 32.52320153408121
53.777379975767644, 94.77285508827893; 11.292681931604115
-97.23736188675207, 67.86951693262395; 23.97333653167108
-49.87723537084185, -97.84057100874082; 35.33474126695877
-26.794884550124976, -34.32049699244581; 34.19281509954754
-80.13823854736242, 33.037306422144894; 13.721275107501842
-26.359393768825726, 6.592693753413911; 40.76094755809728
-9.622883015531542, 79.8975238516569; 24.81485878360502
68.4601909695007, -70.69834336189447; 18.580999600666832
-26.525043786754864, 15.86106313475237; 17.718141616352973
-29.38904153808066, -54.881796576788666; 14.082269926820782
94.33310238637856, -16.791422585430254; 25.413998554257343
33.748694458139596, 52.13369659110512; 27.719429515800385
-4.8002062145239535, -15.001485788824539; 23.87372759253607
73.02694832876716, 98.66713798813268; 45.04113239506072
-76.18624383477382, -2.7710589890689903; 42.006485482369314
-13.019942950935118, -85.51943680970948; 23.429871593019328
-94.07844875620003, -50.36113325109286; 29.237399986567052
17.442030426583017, -15.062377187102456; 42.99827860339031
52.20888619718394, 18.93644194066077; 33.754364024707314
-58.57958873651585, 61.61095286995203; 13.290051352590964
-6.115771079551749, 26.679778894522997; 13.8435816412021
-59.92836030731667, 90.8145239836117; 45.22804441484203
-37.37405537338012, 76.04120659896662; 46.65543494752868
15.285483895409897, 85.28189397428184; 38.65430001029883
-82.67620598751222, -58.796801761600584; 23.244398978049876
-68.11209226903986, -22.01224753468061; 33.91852276584113
12.831876441685523, 37.2340789898976; 46.473411958488676
-60.7521578298925, -26.69909569702358; 41.01927795171525
48.748944792487066, 47.16929382355346; 40.65357400034753
84.38079050080177, -30.229604737429042; 27.137518765417894
26.1228724825328, 19.999951159406848; 30.51821415161823
61.864551392816225, 69.51470870209701; 24.001606661497703
-22.864704034567268, -65.21035926074434; 24.84535268308022
-25.473187992313555, -61.83426628502795; 26.98818381658079
-29.420648669343734, -38.22645492865377; 29.908473222508842
-98.43585835891979, -58.50384177726462; 30.42082977798728
-9.2558762534171, 53.73619781890446; 43.741341353767346
-85.73542525489948, 93.24010571922548; 16.029763878196487
48.73370261786596, -63.964416749766116; 18.362397821790964
48.714676735684634, -85.66600791957768; 17.457669738370917
-74.02781219645054, -99.71219273894559; 18.657179046703334
72.78383395747119, 66.11619533831015; 42.14046204977016
35.49874593566892, -32.982448839621625; 39.22720717756203
82.42740849142922, -3.687301370750106; 17.584104139702067
86.58445471459481, -8.288559278523877; 10.470009424411678
-30.807103770820234, -27.59062460942701; 42.35098096771065
74.27505960647389, -74.99644532498091; 49.37138646882314
-65.86664139095255, -4.097287165119383; 18.938375135689856
12.876787024140654, 82.62050432695531; 26.506827262073244
28.63682913223539, -55.312645278149944; 27.778873069768384
-30.52424086813923, -31.21182928380594; 16.728115587093903
3.603083294442186, 9.363903480753649; 26.044572935118666
-88.2388984532783, 65.74805344509832; 45.742796578857
96.69680041155382, 30.54127740569058; 24.64538721039454
98.27754786836661, -57.3306496094703; 17.692237234998526
-87.03751584681656, -55.60187985956657; 10.253027126895432
-53.53932165392563, -56.48209841795288; 29.93771570974711
14.90870112409894, -32.8857685572971; 20.45806554634688
5.227148895474556, -67.57406310711798; 21.23724932152392
70.39053644171281, -62.33055094683768; 49.004279707890575
-71.55129642541063, -43.00796317370443; 29.627870397282386
-25.503036170090155, -36.55907883445717; 19.79390134989094
-59.597344518576364, 38.04946302091926; 38.532807998517015
7.567526908507659, 22.643535991160533; 43.99599133595382
54.45843025465874, 15.217992073422764; 26.42956517227895
-14.072603182638005, 48.71008222437624; 10.71943671199563
55.14949972826062, -69.42953443286407; 40.007353436671494
-46.424837985417255, 9.080278317648322; 40.55868548291804
-12.161390337141682, -19.30482032094052; 36.899705953993646
28.640501199389092, -22.430982915411036; 20.73574049255848
78.98119517189912, -73.86047079271596; 16.214470222245765
-87.16713068546595, 46.646849143537395; 24.022804948257065
-3.7767896095914892, -64.37546075652062; 38.23784723540849
78.3348079754665, -77.15254990219769; 20.23777029961581
67.05519010147063, -67.40604387247643; 24.52570946686549
25.78722780458436, -37.49902803669409; 23.58611002287587
26.429693782694613, 78.80099799830865; 22.40319768278207
48.42727439859269, 31.585693744935327; 11.829175217720419
29.704607606525315, -97.93905118242685; 20.58663485876042
8.454466200374029, -13.672942916695035; 10.16701488241977
-77.30445761066922, -15.546161446781824; 22.759123368472363
-72.17414237351605, -27.99000813527242; 25.43517302789878
-66.17317269974978, -42.281268019598684; 41.63691067651677
-9.451330019329703, -93.80927267350192; 31.956023639332795
75.80787438785444, -7.9649345131898315; 46.14677506227667
48.90705221484433, 57.10564103561268; 42.007695044579634
-99.49967529590656, -46.342795521229704; 48.209347097517664
-98.18887692629595, 34.70998863436293; 49.853983336162436
28.37646242857602, 89.90144656367548; 43.32850085382133
77.59900575224975, -5.303661887378226; 12.718535226755051
14.02136116988406, 73.85014142493273; 41.38683477317455
92.28917661814927, 7.424175075393478; 14.712434708599634
-44.55431288315916, 6.0310122858615784; 42.03077906197142
-18.271302388168607, -15.553979836818584; 45.887837042782735
4.622492757344958, -20.428849697729646; 34.71019992854801
-85.30435114096753, -16.12545081056828; 29.267916957784227
89.83630169380416, -74.63976927576692; 29.3554819519403
-95.70057556751539, -41.04271452119157; 20.49678068323406
-29.54479178030644, -25.84395507270392; 32.994059064566194
-54.38726780416352, 76.79334172929708; 39.88862176773461
68.05314188035985, -83.9766109311821; 24.1173272323447
-54.87735056522964, 49.14824241845105; 32.98491919774505
63.98924265223948, 69.83447683355581; 34.72180770537212
-22.81287738047193, -4.069299842930846; 46.728373063507405
35.29039027501514, -34.27910581394407; 24.704428597752845
-62.763873877144995, 43.34752325891125; 33.13415544017948
83.80150370872505, -86.57590231216861; 30.35496080694596
72.09589128041651, -39.56803449045927; 25.60947113607426
-32.988942604657964, -95.36129234956702; 34.34795149986573
-6.202024846002203, -94.94505119295972; 35.19293876830006
-15.202194514683697, 56.00067921162531; 15.806100112342278
41.94549964056998, -92.68959417368967; 20.93248216487231
39.7728982763808, 22.786300577198745; 33.225912160273054
96.65423114332006, -83.9268372351212; 41.99579470004036
48.2309040661124, 36.228165289920526; 18.48876590666891
82.8990622830037, -96.55659941415225; 36.13765373853336
15.418195121840043, 77.31585080075155; 25.615225523445943
99.53519450690763, -80.2765958127276; 12.684879929994093
37.4487428226023, -12.147316584785273; 42.7716839776001
-17.790118654099828, 54.652850140599725; 16.719148869138746
90.4400515322987, 29.330805211693473; 20.345194104920918
26.843689348155507, 53.11631474105053; 38.74182859294224
-93.87299190358058, -21.064967849481462; 42.32878365592063
95.47202331329788, 97.81343195387888; 30.5199089305769
-93.71659198419025, 49.88711920315362; 44.09465166603859
63.25619981296805, 77.95657692837219; 48.389677530544624
-77.18954569978376, 43.716456091147194; 38.79051873371414
-13.21842541324203, 60.56511932938133; 21.011470714895708
16.534004770430258, 91.33586253486357; 39.61408116264358
-50.13433559425644, -53.88203314775162; 36.02627579620474
28.907808892033643, 77.58270032799535; 49.266085598124306
22.634919723882078, 78.08915703171917; 41.489662742619615
63.39406197909264, 32.85121106330027; 44.74305096201136
29.352426628138403, -30.766862896031583; 11.202096449967556
56.85530780604452, 31.411837778471238; 39.720158033583274
-84.7266532687354, 67.53961563611256; 31.59363372758
28.53863196568554, 77.93313266845365; 23.132410083878817
-84.32215649454457, -99.19957407613316; 20.75696698894685
-99.01570592325153, -36.338464735246866; 46.851874846629244
22.31599666249882, 78.10525770112963; 12.282259966661787
-7.60804116934797, -93.13067964780461; 43.86970974271812
-96.94738905576673, -15.182372157409915; 38.081769517589876
55.698574314147635, 86.87179240338864; 28.037811370296517
-73.0940291980015, -41.69049611068756; 11.378525151175358
61.058419868369214, 68.58640603165244; 24.74541660836219
-25.56006394598822, -23.289445403795767; 35.0727551755933
-86.11245181192338, -20.17051699541115; 27.064799481853928
46.22733857659313, -87.96111704368388; 49.019026476057775
-98.41195896787751, 34.015617897674076; 42.686523022639044
21.611320872223857, -99.66792585739996; 35.19764125950084
53.07147237813757, 27.461382894088942; 42.79246598958301
-53.86656122317639, -49.07667050446034; 30.822327803233676
63.95177958474676, 27.043478004514625; 34.92322376125819
46.78057202458356, 69.06502683987233; 30.194263504596876
27.595518035799785, 97.59260503145453; 38.549451284093045
75.75983471528815, -6.925622030811908; 16.3164480557599
-37.952858735603876, -0.6865988546873751; 45.74340112351374
80.09956772258596, 69.57026142151201; 48.2740798001677
-67.74047627330535, 67.02772688525346; 31.98133218226279
-21.622001604328545, 6.820188577065238; 11.142327866816718
36.250017327541514, -78.41064331514724; 16.228718709754922
-82.19309028538186, -16.52105624676372; 28.304416589330707
6.090790373948195, 68.98223722597109; 38.23231326192784
83.3786261818044, -47.04084725045019; 13.776679451725226
26.473936388898906, -72.91186641029732; 28.155173380349197
-37.4213051475025, -94.66406828414318; 42.29489078072392
4.537487714560967, 49.712118681706954; 43.75685015916953
-60.843663545956474, -59.81341265698084; 10.994198480337186
47.393152554751566, -38.86804790361864; 18.280051800486493
30.638135263446884, 4.358958092800137; 17.615005659442062
-15.819473667561311, -5.740083731663731; 43.721390378915174
7.800296794855768, -24.268105083241778; 41.01566187020083
76.43148958968669, 66.66861648371747; 35.5262473600999
-20.56117017851527, -26.91383890601709; 40.72149710777228
-83.86783303073715, 9.555635525973585; 42.87051533746803
-90.12190478162677, -33.123668816359086; 49.26501090645357
-59.68606362699384, 66.65155390326333; 41.114018369249116
5.244165175775677, -92.25780021634252; 15.775542192295436
-27.390129346874232, -62.318529118934165; 37.8957937930287
81.23306778238165, 8.904400389780221; 48.88508319917752
-82.57646722056637, -8.032434019222976; 10.4792726360864
61.68312951775954, 73.16118258923424; 24.381528229976915
15.74422532702846, -87.07056628927485; 48.75976888351132
-16.40197442749627, 81.17461484908338; 26.638207924837833
60.90122415117992, -52.45468993616677; 45.8565685662808
58.37075953408802, 19.362280501025168; 26.78063992198335
-41.4999170054934, 73.35135418498288; 47.09149960048255
96.9612004516201, 65.37826376508642; 24.544442791450344
91.37175236603667, 9.47283682762361; 29.694060098369185
-87.06092749559251, -62.618151819567245; 40.18406398082365
64.66041023593357, 90.82103022913549; 21.684205870811716
-85.99701113760432, 98.68761098903335; 38.58681298566569
8.374000086187777, 2.397994107137947; 41.606692973572166
-49.66768308707292, -31.276439208497052; 26.532196266810132
-91.8574024088741, 93.19863393340412; 24.289567001548885
55.55491901294499, 79.37769771896652; 48.03944941913446
26.019375004172502, 19.180522549247286; 45.36300137279568
-30.021925558730487, 15.796034360243993; 19.817797248425343
21.487316249393132, -81.99224684761208; 13.317349388386734
30.915079755882488, 53.638837193074096; 22.451098145742808
51.097328366085065, -86.28970418318814; 27.43994266852312
-65.54640108877825, 39.96500699890885; 42.212587144706575
29.18032260691416, 59.10577501246695; 18.71303300569771
77.98704131019494, 29.679685950799495; 28.04303599477017
90.7922553337699, -76.99877162223092; 34.96924499137849
72.52462271714776, 79.35523995264924; 18.58834948389202
83.53797002932265, -53.85132122090843; 28.20023908375241
-64.40788662297476, 88.85344532609332; 11.256987602372185
-97.62860096770709, 56.11584402977181; 18.437824059832487
34.941606141791084, 70.29482295344934; 40.62517035736184
99.20736013653178, -68.77848376639557; 43.238757566811174
-76.06237185519895, 93.42279413816058; 34.415206257820635
78.6487340175274, -74.8292963464458; 33.29387537683887
-6.863753618686033, 14.30259578348408; 34.55100122298012
16.902556766369713, -52.17373294194101; 12.46309171454486
-60.89328822101747, 26.71178035388752; 36.93142491327074
0.7249983203698491, 87.61829021156478; 34.6493220835405
28.968926609882004, 96.77713153500952; 30.658304657996386
-82.18153137523532, 54.48906074273134; 21.030458021496
-96.4321565832105, 43.77578232553748; 35.237985398790215
83.44952321373574, -80.80383279673411; 10.558346217578713
27.935498137441158, 34.0535154937574; 18.095079679167597
57.23439409295352, -21.431059686488325; 36.22127057013678
57.08527920854664, 59.35346123174213; 15.570963730316727
89.24462671544663, -56.620345934726465; 21.890808476388443
-41.250297676047644, 2.2519819664064755; 35.0291686567031
-10.860546871606871, -64.57911345750371; 42.79918138927221
21.04432235892088, -45.25258674700498; 15.981721708251992
-7.6211434959035955, 5.869469209764716; 10.608417574170502
98.97526299882094, -15.649657299722762; 12.136258132288713
